# Made in Blockbench 4.4.3
mtllib materials.mtl

o Body
v 0.25 1.5 0.125
v 0.25 1.5 -0.125
v 0.25 0.75 0.125
v 0.25 0.75 -0.125
v -0.25 1.5 -0.125
v -0.25 1.5 0.125
v -0.25 0.75 -0.125
v -0.25 0.75 0.125
vt 0.3125 0.375
vt 0.4375 0.375
vt 0.4375 0
vt 0.3125 0
vt 0.25 0.375
vt 0.3125 0.375
vt 0.3125 0
vt 0.25 0
vt 0.5 0.375
vt 0.625 0.375
vt 0.625 0
vt 0.5 0
vt 0.4375 0.375
vt 0.5 0.375
vt 0.5 0
vt 0.4375 0
vt 0.4375 0.375
vt 0.3125 0.375
vt 0.3125 0.5
vt 0.4375 0.5
vt 0.5625 0.5
vt 0.4375 0.5
vt 0.4375 0.375
vt 0.5625 0.375
vn 0 0 -1
vn 1 0 0
vn 0 0 1
vn -1 0 0
vn 0 1 0
vn 0 -1 0
usemtl m_df563f6b-9e3c-b6e7-afee-ce58814c4165
f 4/4/1 7/3/1 5/2/1 2/1/1
f 3/8/2 4/7/2 2/6/2 1/5/2
f 8/12/3 3/11/3 1/10/3 6/9/3
f 7/16/4 8/15/4 6/14/4 5/13/4
f 6/20/5 1/19/5 2/18/5 5/17/5
f 7/24/6 4/23/6 3/22/6 8/21/6
o head
v 0.28501046625765686 2.012398756438023 0.1766820549019077
v 0.19830536682040376 1.986230778316551 -0.3150469992047316
v 0.28955448797167854 1.513083989060736 0.20245248263658708
v 0.20284938853442544 1.486916010939264 -0.28927657147005226
v -0.2940985096857003 1.986230778316551 -0.22822291037126646
v -0.20739341024844715 2.012398756438023 0.26350614373537284
v -0.28955448797167854 1.486916010939264 -0.20245248263658705
v -0.2028493885344254 1.513083989060736 0.28927657147005226
vt 0.125 0.75
vt 0.25 0.75
vt 0.25 0.5
vt 0.125 0.5
vt 0 0.75
vt 0.125 0.75
vt 0.125 0.5
vt 0 0.5
vt 0.375 0.75
vt 0.5 0.75
vt 0.5 0.5
vt 0.375 0.5
vt 0.25 0.75
vt 0.375 0.75
vt 0.375 0.5
vt 0.25 0.5
vt 0.25 0.75
vt 0.125 0.75
vt 0.125 1
vt 0.25 1
vt 0.375 1
vt 0.25 1
vt 0.25 0.75
vt 0.375 0.75
vn -0.17341019887450623 -0.052335956242943835 -0.9834581082132787
vn 0.984807753012208 0 -0.17364817766693033
vn 0.17341019887450623 0.052335956242943835 0.9834581082132787
vn -0.984807753012208 0 0.17364817766693033
vn -0.009088043428043403 0.998629534754574 -0.051540855469358764
vn 0.009088043428043403 -0.998629534754574 0.051540855469358764
usemtl m_df563f6b-9e3c-b6e7-afee-ce58814c4165
f 12/28/7 15/27/7 13/26/7 10/25/7
f 11/32/8 12/31/8 10/30/8 9/29/8
f 16/36/9 11/35/9 9/34/9 14/33/9
f 15/40/10 16/39/10 14/38/10 13/37/10
f 14/44/11 9/43/11 10/42/11 13/41/11
f 15/48/12 12/47/12 11/46/12 16/45/12
o hat
v 0.32092077589699036 2.0452414280316953 0.2003779634980636
v 0.2233775390300806 2.0158024526450395 -0.3528172223719056
v 0.32603280032526477 1.4835123147322473 0.2293696946995779
v 0.228489563458355 1.4540733393455916 -0.3238254911703913
v -0.33057682203928646 2.0158024526450395 -0.25514012243425727
v -0.23303358517237668 2.0452414280316953 0.2980550634357119
v -0.32546479761101205 1.4540733393455916 -0.226148391232743
v -0.22792156074410228 1.4835123147322473 0.3270467946372262
vt 0.625 0.75
vt 0.75 0.75
vt 0.75 0.5
vt 0.625 0.5
vt 0.5 0.75
vt 0.625 0.75
vt 0.625 0.5
vt 0.5 0.5
vt 0.875 0.75
vt 1 0.75
vt 1 0.5
vt 0.875 0.5
vt 0.75 0.75
vt 0.875 0.75
vt 0.875 0.5
vt 0.75 0.5
vt 0.75 0.75
vt 0.625 0.75
vt 0.625 1
vt 0.75 1
vt 0.875 1
vt 0.75 1
vt 0.75 0.75
vt 0.875 0.75
vn -0.17341019887450623 -0.052335956242943835 -0.9834581082132787
vn 0.984807753012208 0 -0.17364817766693033
vn 0.17341019887450623 0.052335956242943835 0.9834581082132787
vn -0.984807753012208 0 0.17364817766693033
vn -0.009088043428043403 0.998629534754574 -0.051540855469358764
vn 0.009088043428043403 -0.998629534754574 0.051540855469358764
usemtl m_df563f6b-9e3c-b6e7-afee-ce58814c4165
f 20/52/13 23/51/13 21/50/13 18/49/13
f 19/56/14 20/55/14 18/54/14 17/53/14
f 24/60/15 19/59/15 17/58/15 22/57/15
f 23/64/16 24/63/16 22/62/16 21/61/16
f 22/68/17 17/67/17 18/66/17 21/65/17
f 23/72/18 20/71/18 19/70/18 24/69/18
o RightArm
v 0.5119072667770486 1.2736050530818404 0.12791425524925115
v 0.5081236578017139 1.5198069913348924 0.0846674067679789
v 0.44753352839397514 1.1433689198316423 -0.6078809413935539
v 0.44374991941864045 1.3895708580846944 -0.6511277898748263
v 0.2590749832787775 1.5198069913348924 0.10645634245489344
v 0.2628585922541122 1.2736050530818404 0.1497031909361657
v 0.194701244895704 1.3895708580846944 -0.6293388541879118
v 0.1984848538710387 1.1433689198316423 -0.5860920057066393
vt 0.6875 0.375
vt 0.75 0.375
vt 0.75 0
vt 0.6875 0
vt 0.625 0.375
vt 0.6875 0.375
vt 0.6875 0
vt 0.625 0
vt 0.8125 0.375
vt 0.875 0.375
vt 0.875 0
vt 0.8125 0
vt 0.75 0.375
vt 0.8125 0.375
vt 0.8125 0
vt 0.75 0
vt 0.75 0.375
vt 0.6875 0.375
vt 0.6875 0.5
vt 0.75 0.5
vt 0.8125 0.5
vt 0.75 0.5
vt 0.75 0.375
vt 0.8125 0.375
vn -0.015134435901338648 0.9848077530122081 -0.17298739392508966
vn 0.9961946980917455 -1.5612511283791267e-17 -0.08715574274765815
vn 0.015134435901338648 -0.9848077530122081 0.17298739392508966
vn -0.9961946980917455 1.5612511283791267e-17 0.08715574274765815
vn 0.08583165117743129 0.17364817766693058 0.981060262190407
vn -0.08583165117743129 -0.17364817766693058 -0.981060262190407
usemtl m_df563f6b-9e3c-b6e7-afee-ce58814c4165
f 28/76/19 31/75/19 29/74/19 26/73/19
f 27/80/20 28/79/20 26/78/20 25/77/20
f 32/84/21 27/83/21 25/82/21 30/81/21
f 31/88/22 32/87/22 30/86/22 29/85/22
f 30/92/23 25/91/23 26/90/23 29/89/23
f 31/96/24 28/95/24 27/94/24 32/93/24
o LeftArm
v -0.26358077498708077 1.2866116523516815 0.15795777734614846
v -0.25794138345879336 1.5280931089239487 0.09349923722207354
v -0.20044128786505389 1.092497368524791 -0.5637298628281453
v -0.19480189633676648 1.3339788250970581 -0.6281884029522202
v -0.5069900579817297 1.5280931089239487 0.071710301535159
v -0.5126294495100172 1.2866116523516815 0.13616884165923393
v -0.44385057085970275 1.3339788250970581 -0.6499773386391348
v -0.44948996238799027 1.092497368524791 -0.5855187985150598
vt 0.75 0.375
vt 0.6875 0.375
vt 0.6875 0
vt 0.75 0
vt 0.8125 0.375
vt 0.75 0.375
vt 0.75 0
vt 0.8125 0
vt 0.875 0.375
vt 0.8125 0.375
vt 0.8125 0
vt 0.875 0
vt 0.6875 0.375
vt 0.625 0.375
vt 0.625 0
vt 0.6875 0
vt 0.6875 0.375
vt 0.75 0.375
vt 0.75 0.5
vt 0.6875 0.5
vt 0.75 0.5
vt 0.8125 0.5
vt 0.8125 0.375
vt 0.75 0.375
vn 0.022557566113149834 0.9659258262890683 -0.2578341604962994
vn 0.9961946980917457 -1.3877787807814457e-17 0.0871557427476582
vn -0.022557566113149834 -0.9659258262890683 0.2578341604962994
vn -0.9961946980917457 1.3877787807814457e-17 -0.0871557427476582
vn -0.0841859828293692 0.2588190451025206 0.9622501868990584
vn 0.0841859828293692 -0.2588190451025206 -0.9622501868990584
usemtl m_df563f6b-9e3c-b6e7-afee-ce58814c4165
f 36/100/25 39/99/25 37/98/25 34/97/25
f 35/104/26 36/103/26 34/102/26 33/101/26
f 40/108/27 35/107/27 33/106/27 38/105/27
f 39/112/28 40/111/28 38/110/28 37/109/28
f 38/116/29 33/115/29 34/114/29 37/113/29
f 39/120/30 36/119/30 35/118/30 40/117/30
o RightLeg
v 0.24787853832406004 0.7082682088856029 0.11328847337958126
v 0.23867013619887634 0.8135207268013116 -0.11328847337958126
v 0.30712098457693426 0.031123949671722828 -0.2036752229259433
v 0.29791258245175056 0.13637646758743144 -0.4302521696851058
v -0.010378538324060063 0.7917317911143971 -0.11328847337958126
v -0.0011701361988763412 0.6864792731986884 0.11328847337958126
v 0.04886390792881416 0.11458753190051688 -0.4302521696851058
v 0.058072310053997885 0.00933501398480828 -0.2036752229259433
vt 0.0625 0.375
vt 0.125 0.375
vt 0.125 0
vt 0.0625 0
vt 0 0.375
vt 0.0625 0.375
vt 0.0625 0
vt 0 0
vt 0.1875 0.375
vt 0.25 0.375
vt 0.25 0
vt 0.1875 0
vt 0.125 0.375
vt 0.1875 0.375
vt 0.1875 0
vt 0.125 0
vt 0.125 0.375
vt 0.0625 0.375
vt 0.0625 0.5
vt 0.125 0.5
vt 0.1875 0.5
vt 0.125 0.5
vt 0.125 0.375
vt 0.1875 0.375
vn -0.036833608500734874 0.4210100716628344 -0.90630778703665
vn 0.9961946980917455 0.08715574274765818 -6.938893903907228e-18
vn 0.036833608500734874 -0.4210100716628344 0.90630778703665
vn -0.9961946980917455 -0.08715574274765818 6.938893903907228e-18
vn -0.07898992833716564 0.9028590122851735 0.42261826174069944
vn 0.07898992833716564 -0.9028590122851735 -0.42261826174069944
usemtl m_df563f6b-9e3c-b6e7-afee-ce58814c4165
f 44/124/31 47/123/31 45/122/31 42/121/31
f 43/128/32 44/127/32 42/126/32 41/125/32
f 48/132/33 43/131/33 41/130/33 46/129/33
f 47/136/34 48/135/34 46/134/34 45/133/34
f 46/140/35 41/139/35 42/138/35 45/137/35
f 47/144/36 44/143/36 43/142/36 48/141/36
o LeftLeg
v 0.0062500000000000056 0.7927525179157086 0.11746157759823855
v 0.0062500000000000056 0.7072474820842914 -0.11746157759823855
v 0.0062500000000000056 0.08798305232627726 0.37397668509249005
v 0.0062500000000000056 0.002478016494860097 0.13905352989601294
v -0.24375 0.7072474820842914 -0.11746157759823855
v -0.24375 0.7927525179157086 0.11746157759823855
v -0.24375 0.002478016494860097 0.13905352989601294
v -0.24375 0.08798305232627726 0.37397668509249005
vt 0.125 0.375
vt 0.0625 0.375
vt 0.0625 0
vt 0.125 0
vt 0.1875 0.375
vt 0.125 0.375
vt 0.125 0
vt 0.1875 0
vt 0.25 0.375
vt 0.1875 0.375
vt 0.1875 0
vt 0.25 0
vt 0.0625 0.375
vt 0 0.375
vt 0 0
vt 0.0625 0
vt 0.0625 0.375
vt 0.125 0.375
vt 0.125 0.5
vt 0.0625 0.5
vt 0.125 0.5
vt 0.1875 0.5
vt 0.1875 0.375
vt 0.125 0.375
vn 0 -0.34202014332566866 -0.9396926207859084
vn 1 0 0
vn 0 0.34202014332566866 0.9396926207859084
vn -1 0 0
vn 0 0.9396926207859084 -0.34202014332566866
vn 0 -0.9396926207859084 0.34202014332566866
usemtl m_df563f6b-9e3c-b6e7-afee-ce58814c4165
f 52/148/37 55/147/37 53/146/37 50/145/37
f 51/152/38 52/151/38 50/150/38 49/149/38
f 56/156/39 51/155/39 49/154/39 54/153/39
f 55/160/40 56/159/40 54/158/40 53/157/40
f 54/164/41 49/163/41 50/162/41 53/161/41
f 55/168/42 52/167/42 51/166/42 56/165/42